0 738943.648762 40.24 23.61
1 738943.662636 41.12 23.55
2 738943.676509 43.00 22.99
3 738943.690383 44.03 22.81
4 738943.704256 45.55 22.53
5 738943.71813 44.86 23.07
6 738943.732004 44.79 23.12
7 738943.745877 44.74 23.35
8 738943.759751 44.52 23.47
9 738943.773624 44.54 23.51
10 738943.787498 44.40 23.53
11 738943.801372 44.34 23.50
12 738943.815245 44.74 23.41
13 738943.829119 45.18 23.47
14 738943.842993 45.51 23.47
15 738943.856866 45.70 23.41
16 738943.87074 45.65 23.42
17 738943.884614 45.72 23.42
18 738943.898487 46.01 23.37
19 738943.912361 45.91 23.44
20 738943.926235 46.30 23.40
21 738943.940108 46.44 23.46
22 738943.953982 46.90 23.47
23 738943.967856 47.23 23.45
24 738943.981729 47.64 23.51
25 738943.995603 47.78 23.51
26 738944.009477 47.99 23.54
27 738944.02335 47.79 23.58
28 738944.037224 47.87 23.53
29 738944.051098 47.82 23.46
30 738944.064971 47.43 23.56
31 738944.078845 47.55 23.49
32 738944.092719 47.37 23.49
33 738944.106592 47.41 23.45
34 738944.120466 47.23 23.48
35 738944.13434 47.16 23.55
36 738944.148213 47.24 23.44
37 738944.162087 47.21 23.50
38 738944.175961 47.36 23.45
39 738944.189834 47.51 23.48
40 738944.203708 47.52 23.50
41 738944.217582 47.84 23.41
42 738944.231455 47.69 23.49
43 738944.245329 48.01 23.48
44 738944.259203 48.42 23.54
45 738944.273076 48.85 23.56
46 738944.28695 48.93 23.58
47 738944.300824 48.90 23.64
48 738944.314697 49.04 23.60
49 738944.328571 49.14 23.64
50 738944.342445 49.21 23.63
51 738944.356318 49.29 23.66
52 738944.370192 48.90 23.66
53 738944.384066 48.67 23.67
54 738944.397939 48.47 23.68
55 738944.411813 48.37 23.65
56 738944.425687 48.54 23.62
57 738944.43956 49.05 23.56
58 738944.453434 48.28 23.60
59 738944.467308 49.82 23.04
60 738944.481181 50.11 22.85
61 738944.495055 50.80 22.60
62 738944.508929 50.87 22.56
63 738944.522802 50.04 22.92
64 738944.536676 49.33 23.26
65 738944.55055 49.52 23.37
66 738944.564423 49.57 23.48
67 738944.578297 52.45 23.46
68 738944.592171 53.60 23.54
69 738944.606044 51.44 23.50
70 738944.619918 49.05 23.43
71 738944.633792 48.56 23.42
72 738944.647665 51.39 22.74
73 738944.661539 50.89 23.23
74 738944.675412 49.25 23.28
75 738944.689286 50.78 23.39
76 738944.70316 48.39 23.38
77 738944.717033 49.48 23.47
78 738944.730907 48.46 23.49
79 738944.744781 50.41 23.49
80 738944.758655 46.80 23.47
81 738944.772528 45.73 23.56
82 738944.786402 38.58 23.52
83 738944.800276 36.06 23.26
84 738944.814149 32.83 23.06
85 738944.828023 30.17 22.96
86 738944.841896 28.48 22.81
87 738944.85577 25.49 22.59
88 738944.869643 24.28 22.62
89 738944.883517 23.82 22.41
90 738944.89739 22.22 22.22
91 738944.911264 22.17 22.13
92 738944.925137 21.97 22.14
93 738944.939011 21.37 22.16
94 738944.952884 21.13 22.17
95 738944.966758 20.61 22.31
96 738944.980631 20.47 22.34
97 738944.994504 20.00 22.38
98 738945.008378 19.40 22.54
99 738945.022251 18.98 22.49
100 738945.036125 18.68 22.58
101 738945.049998 18.16 22.64
102 738945.063872 17.74 22.61
103 738945.077745 17.65 22.69
104 738945.091619 18.02 22.70
105 738945.105492 17.95 22.71
106 738945.119366 18.04 22.67
107 738945.133239 17.99 22.76
108 738945.147112 17.73 22.78
109 738945.160986 17.55 22.75
110 738945.174859 17.35 22.76
111 738945.188733 17.14 22.74
112 738945.202606 16.99 22.79
113 738945.21648 16.89 22.77
114 738945.230353 16.85 22.76
115 738945.244227 16.66 22.78
116 738945.2581 16.50 22.80
117 738945.271974 16.45 22.81
118 738945.285847 16.46 22.80
119 738945.299721 16.24 22.83
120 738945.313594 16.24 22.82
121 738945.327467 16.07 22.89
122 738945.341341 15.56 22.91
123 738945.355214 15.27 22.96
124 738945.369088 15.08 23.08
125 738945.382961 14.83 23.03
126 738945.396835 14.64 23.00
127 738945.410708 14.83 22.99
128 738945.424582 14.78 22.98
129 738945.438455 15.52 23.11
