0 738943.604215 38.67 23.76
1 738943.604217 38.71 23.77
2 738943.604219 38.70 23.82
3 738943.604221 38.68 23.82
4 738943.604223 38.69 23.80
5 738943.604225 38.69 23.82
6 738943.604227 38.69 23.83
7 738943.604229 38.68 23.82
8 738943.604231 38.67 23.82
9 738943.604234 38.68 23.82
10 738943.604236 38.70 23.82
11 738943.604238 38.66 23.83
12 738943.60424 38.67 23.83
13 738943.604242 38.68 23.83
14 738943.604244 38.66 23.83
15 738943.604246 38.66 23.85
16 738943.604248 38.66 23.83
17 738943.60425 38.69 23.83
18 738943.604253 38.69 23.84
19 738943.604255 38.70 23.82
20 738943.604257 38.71 23.86
21 738943.604259 38.71 23.81
22 738943.604261 38.70 23.83
23 738943.604263 38.72 23.84
24 738943.604265 38.74 23.83
25 738943.604267 38.74 23.84
26 738943.604269 38.76 23.83
27 738943.604271 38.76 23.82
28 738943.604274 38.78 23.83
29 738943.604276 38.78 23.81
30 738943.604278 38.75 23.82
31 738943.60428 38.75 23.82
32 738943.604282 38.77 23.83
33 738943.604284 38.76 23.83
34 738943.604286 38.75 23.83
35 738943.604288 38.73 23.84
36 738943.60429 38.72 23.85
37 738943.604293 38.70 23.83
38 738943.604295 38.72 23.83
39 738943.604297 38.68 23.82
40 738943.604299 38.71 23.84
41 738943.604301 38.69 23.82
42 738943.604303 38.68 23.84
43 738943.604305 38.68 23.82
44 738943.604307 38.67 23.83
45 738943.604309 38.66 23.81
46 738943.604312 38.65 23.82
47 738943.604314 38.66 23.81
48 738943.604316 38.64 23.81
49 738943.604318 38.63 23.82
50 738943.60432 38.65 23.82
51 738943.604322 38.63 23.82
52 738943.604324 38.65 23.82
53 738943.604326 38.65 23.80
54 738943.604328 38.64 23.81
55 738943.604331 38.63 23.82
56 738943.604333 38.61 23.82
57 738943.604335 38.64 23.82
58 738943.604337 38.64 23.81
59 738943.604339 38.68 23.79
60 738943.604341 38.64 23.82
61 738943.604343 38.64 23.81
62 738943.604345 38.65 23.80
63 738943.604347 38.66 23.82
64 738943.604349 38.66 23.80
65 738943.604352 38.62 23.81
66 738943.604354 38.63 23.82
67 738943.604356 38.62 23.81
68 738943.604358 38.64 23.82
69 738943.60436 38.64 23.80
70 738943.604362 38.64 23.81
71 738943.604364 38.64 23.81
72 738943.604366 38.66 23.82
73 738943.604368 38.66 23.82
74 738943.604371 38.67 23.82
75 738943.604373 38.67 23.82
76 738943.604375 38.66 23.82
77 738943.604377 38.66 23.79
78 738943.604379 38.66 23.81
79 738943.604381 38.67 23.82
80 738943.604383 38.64 23.84
81 738943.604385 38.64 23.81
82 738943.604387 38.62 23.82
83 738943.60439 38.64 23.81
84 738943.604392 38.64 23.82
85 738943.604394 38.63 23.81
86 738943.604396 38.63 23.79
87 738943.604398 38.62 23.81
88 738943.6044 38.64 23.80
89 738943.604402 38.63 23.80
90 738943.604404 38.63 23.80
91 738943.604406 38.65 23.82
92 738943.604408 38.65 23.82
93 738943.604411 38.62 23.81
94 738943.604413 38.64 23.82
95 738943.604415 38.64 23.81
96 738943.604417 38.64 23.80
97 738943.604419 38.65 23.82
